500
0 10880
0 10881
0 10882
0 10883
25 10984
25 10985
25 10986
26 10957
26 10968
26 10969
46 11009
46 11010
46 11011
46 11012
46 11013
46 11014
54 11024
54 11025
54 11026
58 11051
58 11052
58 11053
65 11057
65 11076
65 11077
65 11078
65 11079
65 11080
65 11081
75 11097
75 11098
75 11099
81 11072
83 11105
83 11106
83 11107
83 11108
83 11109
87 11087
87 11120
87 11121
87 11122
87 11123
87 11124
87 11125
87 11126
3 10899
3 10900
3 10901
3 10902
3 10903
3 10904
3 10905
3 10906
3 10907
39 11034
39 11035
39 11036
39 11037
39 11038
39 11039
39 11040
39 11041
39 11042
39 11043
97 10906
97 11021
97 11381
97 11621
97 11750
97 11751
97 11752
97 11753
97 11754
97 11755
97 11756
97 11757
97 11758
97 11759
97 11760
97 11761
97 11762
97 11763
115 11275
115 11276
115 11277
115 11278
115 11279
115 11280
115 11281
115 11282
115 11283
150 11417
150 11418
150 11419
150 11420
150 11421
150 11422
150 11423
150 11424
150 11425
150 11426
248 10955
248 11298
248 11605
248 11735
248 11736
248 11737
248 11738
248 11739
248 11740
248 11741
264 11521
264 11827
264 11828
264 11829
264 11830
264 11831
264 11832
264 11833
264 11834
264 11835
317 11709
317 12027
317 12028
317 12029
317 12030
317 12031
317 12032
317 12033
317 12034
317 12035
413 12275
413 12276
413 12277
413 12278
413 12279
413 12280
413 12281
413 12282
413 12283
428 12322
428 12323
428 12324
428 12325
428 12326
5617 10945
5617 11053
5617 11100
5617 11103
5617 11119
5617 11221
5617 11423
5617 11539
5617 11548
5617 11970
5617 12218
5617 12243
5617 12412
5617 12458
5617 12590
5617 12596
5617 12707
5617 13044
5617 13500
5617 13742
5617 13815
5617 13822
5617 13936
5617 14143
5617 14278
5617 14447
5617 14492
5617 14661
5617 14944
5617 15582
5617 15875
5617 15888
5617 16226
5617 16367
5617 16443
5617 16672
5617 16764
5617 16995
5617 17091
5617 17358
5617 17493
5617 17531
5617 17623
5617 17893
5617 17908
5617 17934
5617 18035
5617 18197
5627 18204
5628 13515
5629 12025
5629 12034
5629 13048
5629 13542
5629 13746
5629 14776
5629 16577
5629 17594
5629 18205
5629 18206
5630 11779
5630 12468
5630 13707
5630 14608
5630 15538
5630 17299
5630 17358
5630 18207
5630 18209
5631 11872
5631 13326
5631 13422
5631 13644
5631 13741
5631 13950
5631 15172
5631 16407
5631 17700
5632 18214
5635 11079
5635 12460
5635 13425
5635 13980
5635 16166
5635 16329
5635 16538
5635 17181
5635 18215
5636 11003
5636 11062
5636 11160
5636 12685
5636 12847
5636 13049
5636 15861
5636 16546
5636 18197
5712 18275
5713 12043
5713 12676
5713 12769
5713 13123
5713 14854
5713 14983
5713 15270
5713 16282
5713 17206
5713 18277
5722 11291
5722 11332
5722 11576
5722 11578
5722 11933
5722 12077
5722 13074
5722 13075
5722 13076
5722 13955
5724 15346
5726 12907
5732 18282
5733 10909
5733 11824
5733 11994
5733 12151
5733 13837
5733 14833
5733 17320
5733 17776
5733 17870
5733 18065
5734 18283
5736 10993
5736 11016
5736 11044
5736 11601
5736 13119
5736 14595
5736 16246
5736 17119
5736 17189
5736 18284
5738 17129
5742 11370
5742 11967
5742 12329
5742 12737
5742 13363
5742 16469
5742 16589
5742 17104
5742 17805
5746 20012
5747 11011
5747 12082
5747 12201
5747 12219
5747 12478
5747 14933
5747 16389
9105 20421
9108 11167
9108 11855
9108 13897
9108 13908
9108 16647
9108 19579
9108 19985
9108 20068
9108 20422
9110 10883
9110 11893
9110 14542
9110 15258
9110 17410
9110 17753
9110 19456
9110 20425
9112 12318
9112 13791
9112 14341
9112 14401
9112 16163
9112 19571
9112 19594
9112 20431
9113 11046
9113 12762
9113 14169
9113 14413
9113 14694
9113 17096
9113 17320
9113 18983
9113 19604
9131 20442
9134 11169
9134 11373
9134 11681
9134 11703
9134 11768
9134 11929
9134 11967
9134 12193
9134 12334
9134 12411
9134 12444
9134 12477
9134 12479
9134 12608
9134 12649
9134 12666
9134 12953
9134 13194
9134 13336
9134 13354
9134 13389
9134 13617
9134 13678
9134 13690
9134 13907
9134 14046
9134 14232
9134 14234
9134 14378
9134 14464
9134 14547
9134 14584
9134 14876
9134 15098
9134 15153
9134 15491
9134 15685
9134 15852
9134 16021
9134 16077
9134 16222
9134 16255
9134 16259
9134 16270
9134 16792
9134 16823
9134 17122
9134 17305
9134 17468
9134 17594
9134 17627
9134 18683
9134 19161
9134 19443
9134 19771
9134 19801
9134 19818
9134 19897
9134 19971
9134 20310
9155 20452
9158 11872
9158 13031
9158 13283
9158 13646
9158 14248
9158 15597
9158 18017
9158 18523
9158 19193
9158 20463
9159 11275
9160 10892
9160 11084
9160 11636
9160 12745
9160 12746
9160 13411
9160 15018
9160 17327
9160 20462
9161 10923
9161 11812
9161 13088
9161 14036
9161 14804
9161 15338
9161 15508
9161 16487
9161 19229
9161 20464
9163 11693
9163 12545
9163 13348
9163 15053
9163 16077
9163 16647
9163 16976
9163 17195
9181 20475
9186 18819
9187 11038
9187 17313
9187 17902
10 10920
10 11015
12 10923
12 10924
12 10925
38 10997
38 10998
38 10999
38 11000
38 11001
38 11002
38 11003
76 11094
77 10959
77 10963
77 10964
77 10965
77 10967
1719 14825
1720 10997
1720 11356
1720 13090
1720 13266
1720 13458
1881 12703
1881 13225
1881 13698
1881 14159
1881 14716
1881 14812
1925 15045
1927 11538
1927 11911
1927 11926
1927 13666
1953 11891
1953 11941
1953 12652
1953 13563
1953 14615
1953 15052
1989 12459
1989 13689
1989 14234
6300 10981
6303 12975
6303 13049
6303 16551
6323 13199
6323 13999
6323 15533
6323 16028
6323 16719
6335 18660
