730
0
25
26
46
54
58
65
75
81
83
87
89
90
91
92
93
94
99
106
107
118
120
121
124
125
127
128
129
130
131
132
133
137
141
147
148
162
165
167
168
170
171
176
180
187
189
190
192
200
206
213
220
223
234
237
238
239
240
244
252
260
261
262
263
265
266
267
270
275
277
311
314
315
328
335
343
344
345
346
347
348
354
356
375
381
385
390
397
405
407
408
410
411
412
424
429
430
433
447
453
463
467
486
487
495
512
515
545
547
562
566
567
568
569
570
574
577
581
582
590
592
596
605
610
615
620
621
628
630
631
633
637
638
647
649
650
660
664
669
674
675
692
693
696
698
699
702
703
709
714
722
727
750
753
754
756
762
763
765
766
781
786
788
789
794
826
832
835
838
846
850
851
855
856
867
870
871
889
901
904
911
920
923
925
928
931
932
934
935
943
945
946
952
958
961
977
983
984
985
987
988
989
992
1003
1008
1021
1024
1026
1031
1042
1050
1053
1054
1057
1058
1072
1073
1079
1101
1105
1107
1109
1116
1141
1143
1145
1151
1158
1164
1165
1166
1168
1169
1172
1185
1186
1194
1198
1202
1203
1218
1223
1229
1231
1252
1255
1258
1281
1295
1299
1306
1308
1317
1322
1324
1327
1330
1334
1347
1353
1356
1359
1367
1368
1382
1391
1401
1409
1421
1428
1440
1455
1456
1472
1487
1503
1504
1528
1529
1534
1535
1536
1537
1538
1551
1552
1553
1555
1579
1592
1611
1614
1625
1626
1633
1639
1652
1657
1663
1664
1665
1669
1670
1697
1711
1717
1718
1747
1755
1764
1765
1774
1785
1787
1805
1807
1809
1814
1824
1826
1835
1841
1845
1850
1867
1883
1884
1890
1893
1903
1904
1905
1919
1927
1929
1932
1933
1940
1943
1953
1959
1963
1971
2002
2007
2011
2017
2028
2034
2062
2091
2096
2107
2112
2116
2127
2143
2144
2145
2151
2166
2181
2182
2195
2196
2197
2204
2212
2221
2231
2236
2244
2265
2268
2283
2285
2288
2323
2331
2343
2346
2359
2364
2365
2367
2383
2387
2388
2389
2403
2409
2412
2415
2433
2458
2483
2484
2485
2486
2497
2513
2517
2527
2528
2532
2533
2543
2552
2560
2580
2584
2602
2619
2620
2624
2628
2634
2658
2660
2661
2662
2663
2672
2674
2684
2695
2710
2714
2734
2738
2747
2763
2775
2785
2787
2790
2810
2811
2812
2819
2830
2836
2840
2853
2854
2862
2863
2882
2898
2904
2912
2914
2915
2927
2931
2952
2975
2976
2989
2993
2996
3047
3055
3060
3065
3066
3075
3084
3093
3094
3101
3127
3128
3132
3134
3158
3167
3181
3196
3199
3210
3212
3222
3223
3247
3253
3263
3264
3274
3297
3299
3300
3305
3311
3343
3344
3355
3373
3376
3377
3384
3399
3418
3453
3468
3484
3494
3502
3530
3546
3556
3565
3574
3578
3583
3592
3614
3626
3627
3638
3639
3643
3678
3680
3684
3705
3716
3727
3743
3761
3763
3765
3767
3772
3780
3782
3798
3802
3827
3831
3856
3858
3861
3881
3889
3890
3901
3903
3905
3908
3925
3941
3949
3958
3959
3970
3982
3999
4035
4046
4054
4057
4065
4077
4078
4086
4094
4097
4125
4127
4128
4139
4166
4173
4199
4201
4224
4226
4249
4274
4299
4315
4352
4353
4355
4369
4403
4407
4437
4465
4525
4530
4546
4555
4564
4584
4609
4611
4617
4643
4655
4664
4673
4682
4687
4699
4711
4729
4745
4759
4765
4769
4804
4806
4819
4864
4870
4937
4947
4957
4987
5026
5064
5082
5096
5139
5149
5152
5192
5206
5216
5284
5297
5315
5329
5347
5372
5385
5403
5406
5442
5453
5488
5539
5570
5580
5589
5631
5651
5673
5686
5694
5728
5733
5742
5765
5821
5844
5860
5861
5873
5884
5903
5920
5925
5941
5973
5976
5979
6008
6041
6097
6137
6154
6190
6242
6248
6250
6294
6323
6355
6405
6428
6453
6479
6519
6567
6679
6722
6787
6822
6841
6849
6937
7002
7008
7023
7338
7343
7400
7439
7453
7483
7529
7551
7629
7651
7724
7731
7743
7849
7858
7883
7894
8195
8232
8331
8342
8458
8559
8625
8773
8984
9152
9153
9547
9696
9702
9884
10111
