475
1
10
19
20
23
38
84
109
247
268
280
281
286
289
304
369
423
428
438
473
475
476
480
483
504
506
526
533
591
603
604
654
666
683
688
691
723
758
768
791
825
827
829
830
839
847
849
859
866
890
891
922
927
941
955
963
967
1018
1067
1070
1080
1082
1102
1110
1112
1121
1123
1135
1140
1153
1159
1177
1183
1192
1197
1204
1219
1234
1274
1282
1283
1294
1305
1311
1315
1319
1333
1352
1372
1384
1393
1410
1425
1513
1561
1565
1581
1590
1597
1605
1607
1646
1660
1675
1682
1706
1757
1786
1795
1799
1827
1838
1909
1946
2005
2050
2098
2117
2124
2159
2162
2178
2207
2220
2227
2238
2254
2292
2337
2351
2356
2363
2379
2381
2393
2410
2413
2437
2535
2537
2574
2579
2626
2633
2675
2727
2755
2773
2781
2797
2823
2851
2855
2856
2865
2870
2877
2883
2893
2897
2899
2906
2963
2977
3000
3058
3061
3106
3125
3131
3139
3144
3153
3208
3220
3221
3224
3282
3292
3338
3375
3386
3427
3443
3481
3485
3504
3537
3554
3607
3615
3616
3635
3645
3687
3699
3729
3738
3742
3748
3764
3810
3838
3839
3867
3897
3909
3910
3913
3917
3924
3926
3933
3936
3968
3983
3989
3995
4005
4033
4034
4038
4129
4138
4140
4155
4184
4192
4239
4246
4248
4254
4268
4277
4279
4289
4294
4309
4318
4322
4343
4354
4364
4378
4395
4404
4420
4425
4492
4494
4495
4504
4571
4580
4592
4688
4691
4692
4709
4718
4731
4753
4800
4807
4816
4829
4854
4866
4868
4874
4903
4960
4977
4981
5008
5025
5032
5048
5060
5065
5066
5067
5075
5079
5088
5091
5142
5147
5173
5181
5185
5205
5228
5238
5252
5258
5270
5285
5295
5307
5310
5342
5349
5354
5398
5456
5468
5485
5510
5546
5553
5569
5577
5616
5617
5635
5690
5696
5771
5772
5789
5798
5800
5806
5807
5820
5824
5850
5867
5885
5922
5928
5932
5935
5940
5945
5946
6015
6053
6090
6101
6102
6120
6122
6125
6126
6162
6178
6180
6202
6212
6230
6253
6265
6299
6300
6303
6382
6386
6395
6452
6543
6544
6560
6584
6586
6615
6636
6656
6676
6687
6688
6696
6758
6771
6784
6794
6802
6843
6853
6883
6886
6891
6950
6974
7007
7010
7015
7019
7029
7067
7128
7131
7221
7225
7270
7315
7335
7361
7420
7434
7438
7475
7485
7522
7567
7595
7597
7601
7604
7608
7625
7643
7650
7662
7687
7705
7719
7796
7836
7843
7876
7879
8053
8104
8120
8124
8169
8225
8247
8293
8375
8437
8484
8490
8581
8585
8675
8728
8744
8764
8766
8791
8828
8834
8843
8854
8875
8908
8977
9003
9018
9021
9024
9094
9112
9113
9144
9168
9214
9322
9358
9374
9401
9614
9636
9720
9722
9774
9786
9867
9894
9916
9960
9974
