228
3
39
97
115
136
150
157
256
273
292
308
327
360
409
493
498
516
550
576
580
595
639
661
685
705
717
719
774
790
837
841
864
893
897
912
1015
1025
1111
1130
1157
1171
1243
1328
1354
1369
1373
1386
1400
1414
1430
1459
1461
1549
1586
1589
1656
1658
1713
1719
1721
1739
1740
1746
1750
1760
1842
1846
1974
1997
2006
2018
2022
2113
2119
2128
2165
2191
2309
2315
2316
2319
2340
2354
2395
2425
2440
2455
2467
2504
2518
2546
2618
2639
2651
2683
2709
2744
2789
2828
2869
2922
2928
2950
3001
3052
3070
3078
3126
3135
3156
3164
3173
3245
3351
3382
3396
3400
3413
3529
3531
3572
3624
3629
3651
3665
3697
3698
3815
3826
3837
3887
3912
3923
3987
3997
4002
4006
4030
4085
4120
4142
4190
4212
4245
4303
4342
4386
4462
4491
4496
4505
4524
4536
4560
4575
4606
4610
4628
4631
4641
4675
4681
4717
4794
4861
4862
4875
4990
5015
5017
5081
5128
5130
5143
5156
5184
5201
5209
5215
5223
5288
5302
5330
5341
5432
5528
5609
5612
5663
5770
5791
5837
5968
5999
6077
6087
6088
6112
6150
6161
6165
6169
6184
6204
6238
6255
6388
6440
6451
6577
6890
7112
7318
7349
7359
7461
7606
7999
8097
8348
8545
8564
8743
8975
9002
9110
9635
10159
