335
17
73
76
101
195
198
229
236
248
254
264
272
316
317
413
421
439
468
510
558
565
617
642
648
657
721
726
761
823
840
853
865
886
892
938
1061
1086
1199
1228
1235
1314
1318
1375
1377
1433
1450
1458
1489
1500
1516
1525
1545
1584
1588
1595
1604
1643
1655
1685
1698
1732
1744
1752
1758
1763
1766
1772
1776
1794
1820
1839
1847
1851
1856
1938
1955
1958
1984
2026
2044
2066
2067
2078
2094
2102
2131
2137
2146
2192
2232
2234
2239
2257
2262
2342
2345
2357
2400
2419
2421
2448
2475
2492
2510
2516
2520
2531
2541
2595
2597
2600
2603
2605
2680
2692
2720
2721
2751
2752
2769
2770
2796
2806
2807
2901
2909
2944
2978
2995
3006
3020
3028
3046
3088
3120
3130
3133
3154
3174
3178
3207
3225
3226
3236
3281
3318
3330
3336
3378
3421
3426
3534
3581
3630
3650
3676
3679
3690
3714
3734
3795
3859
3875
3916
3934
3985
4016
4020
4024
4036
4037
4039
4049
4095
4099
4101
4111
4121
4122
4147
4202
4223
4244
4261
4286
4313
4349
4356
4362
4394
4411
4416
4417
4488
4499
4513
4526
4552
4568
4583
4593
4660
4705
4727
4728
4779
4839
4936
4955
4959
4980
5020
5043
5046
5086
5116
5123
5132
5135
5172
5224
5225
5231
5232
5233
5282
5376
5386
5408
5416
5424
5447
5478
5499
5503
5505
5520
5594
5615
5630
5642
5662
5693
5747
5755
5768
5769
5779
5811
5854
5871
5886
5894
5908
5947
5960
6017
6043
6083
6098
6104
6105
6108
6168
6171
6175
6201
6208
6221
6244
6284
6285
6293
6326
6338
6356
6426
6450
6469
6493
6579
6607
6647
6691
6780
6815
6842
6847
6927
6945
6992
7036
7038
7071
7098
7118
7130
7174
7201
7206
7232
7255
7283
7326
7530
7554
7692
7752
7826
7932
7940
7942
8019
8047
8076
8144
8228
8401
8482
8489
8537
8568
8685
8868
8897
9216
9276
9282
9300
9319
9346
9370
9707
10022
10183
